	mass B	
t	θ	
0.000000E0	1.616163E2
1.667695E-2	1.617176E2
3.335391E-2	1.616500E2
5.003086E-2	1.616204E2
6.670782E-2	1.617064E2
8.338477E-2	1.616547E2
1.000617E-1	1.616427E2
1.167387E-1	1.617555E2
1.334156E-1	1.616326E2
1.500926E-1	1.615458E2
1.667695E-1	1.617494E2
1.834465E-1	1.616575E2
2.001235E-1	1.616827E2
2.168004E-1	1.615773E2
2.334774E-1	1.614374E2
2.501543E-1	1.612651E2
2.668313E-1	1.611819E2
2.835082E-1	1.608550E2
3.001852E-1	1.606744E2
3.168621E-1	1.602231E2
3.335391E-1	1.596295E2
3.502160E-1	1.589726E2
3.668930E-1	1.582026E2
3.835700E-1	1.570299E2
4.002469E-1	1.558677E2
4.169239E-1	1.543575E2
4.336008E-1	1.527564E2
4.502778E-1	1.508736E2
4.669547E-1	1.484906E2
4.836317E-1	1.461118E2
5.003086E-1	1.432073E2
5.169856E-1	1.400993E2
5.336626E-1	1.367102E2
5.503395E-1	1.326841E2
5.670165E-1	1.286945E2
5.836934E-1	1.240587E2
6.003704E-1	1.192799E2
6.170473E-1	1.142587E2
6.337243E-1	1.090787E2
6.504012E-1	1.025727E2
6.670782E-1	9.628985E1
6.837551E-1	8.921521E1
7.004321E-1	8.186614E1
7.171091E-1	7.410728E1
7.337860E-1	6.547499E1
7.504630E-1	5.572146E1
7.671399E-1	4.631307E1
7.838169E-1	3.649138E1
8.004938E-1	2.574249E1
8.171708E-1	1.489833E1
8.338477E-1	7.021951E0
8.505247E-1	-5.719871E0
8.672016E-1	-1.776182E1
8.838786E-1	-3.874762E1
9.005556E-1	-5.107383E1
9.172325E-1	-6.544184E1
9.339095E-1	-7.910864E1
9.505864E-1	-9.319430E1
9.672634E-1	-1.068434E2
9.839403E-1	-1.201686E2
1.000617E0	-1.330268E2
1.017294E0	-1.457356E2
1.033971E0	-1.582885E2
1.050648E0	-1.743981E2
1.067325E0	-1.874753E2
1.084002E0	-2.009776E2
1.100679E0	-2.141794E2
1.117356E0	-2.284525E2
1.134033E0	-2.442760E2
1.150710E0	-2.583441E2
1.167387E0	-2.757894E2
1.184064E0	-2.951711E2
1.200741E0	-3.108044E2
1.217418E0	-3.304258E2
1.234095E0	-3.523449E2
1.250772E0	-3.717108E2
1.267449E0	-3.964230E2
1.284126E0	-4.194068E2
1.300802E0	-4.432475E2
1.317479E0	-4.624520E2
1.334156E0	-4.846198E2
1.350833E0	-4.969901E2
1.367510E0	-5.200343E2
1.384187E0	-5.409898E2
1.400864E0	-5.607161E2
1.417541E0	-5.817050E2
1.434218E0	-6.020579E2
1.450895E0	-6.227162E2
1.467572E0	-6.496440E2
1.484249E0	-6.701324E2
1.500926E0	-6.879542E2
1.517603E0	-7.111480E2
1.534280E0	-7.526211E2
1.550957E0	-7.718230E2
1.567634E0	-8.050424E2
1.584311E0	-8.279721E2
1.600988E0	-8.525000E2
1.617665E0	-8.748946E2
1.634342E0	-8.983404E2
1.651019E0	-9.249921E2
1.667695E0	-9.454890E2
1.684372E0	-9.709801E2
1.701049E0	-9.954594E2
1.717726E0	-1.026321E3
1.734403E0	-1.052296E3
1.751080E0	-1.083737E3
1.767757E0	-1.114770E3
1.784434E0	-1.146541E3
1.801111E0	-1.177342E3
1.817788E0	-1.212653E3
1.834465E0	-1.244351E3
1.851142E0	-1.270932E3
1.867819E0	-1.293160E3
1.884496E0	-1.319469E3
1.901173E0	-1.349011E3
1.917850E0	-1.369211E3
1.934527E0	-1.406415E3
1.951204E0	-1.438447E3
1.967881E0	-1.479282E3
1.984558E0	-1.509181E3
2.001235E0	-1.547740E3
2.017912E0	-1.576286E3
2.034588E0	-1.607534E3
2.051265E0	-1.638552E3
2.067942E0	-1.665982E3
2.084619E0	-1.698059E3
2.101296E0	-1.730079E3
2.117973E0	-1.763088E3
2.134650E0	-1.805501E3
2.151327E0	-1.844215E3
2.168004E0	-1.880114E3
2.184681E0	-1.919633E3
2.201358E0	-1.951525E3
2.218035E0	-1.985427E3
2.234712E0	-2.015982E3
2.251389E0	-2.046255E3
2.268066E0	-2.081497E3
2.284743E0	-2.123684E3
2.301420E0	-2.156299E3
2.318097E0	-2.201731E3
2.334774E0	-2.240087E3
2.351451E0	-2.283022E3
2.368128E0	-2.315514E3
2.384805E0	-2.351466E3
2.401481E0	-2.385023E3
2.418158E0	-2.414015E3
2.434835E0	-2.457507E3
2.451512E0	-2.499041E3
2.468189E0	-2.537621E3
2.484866E0	-2.582737E3
2.501543E0	-2.628956E3
2.518220E0	-2.671366E3
2.534897E0	-2.700683E3
2.551574E0	-2.738879E3
2.568251E0	-2.774212E3
2.584928E0	-2.815212E3
2.601605E0	-2.857702E3
2.618282E0	-2.907700E3
2.634959E0	-2.949472E3
2.651636E0	-2.998874E3
2.668313E0	-3.039639E3
2.684990E0	-3.074870E3
2.701667E0	-3.112186E3
2.718344E0	-3.151549E3
2.735021E0	-3.189732E3
2.751698E0	-3.235252E3
2.768374E0	-3.290404E3
2.785051E0	-3.329172E3
2.801728E0	-3.376509E3
2.818405E0	-3.418250E3
2.835082E0	-3.453206E3
2.851759E0	-3.497853E3
2.868436E0	-3.541096E3
2.885113E0	-3.586439E3
2.901790E0	-3.640763E3
2.918467E0	-3.689874E3
2.935144E0	-3.734910E3
2.951821E0	-3.774905E3
2.968498E0	-3.813424E3
2.985175E0	-3.854839E3
3.001852E0	-3.900267E3
3.018529E0	-3.957055E3
3.035206E0	-4.006092E3
3.051883E0	-4.056251E3
3.068560E0	-4.098698E3
3.085237E0	-4.144370E3
3.101914E0	-4.183475E3
3.118591E0	-4.230273E3
3.135267E0	-4.275350E3
3.151944E0	-4.334053E3
3.168621E0	-4.384861E3
3.185298E0	-4.434959E3
3.201975E0	-4.480781E3
3.218652E0	-4.525655E3
3.235329E0	-4.565502E3
3.252006E0	-4.609288E3
3.268683E0	-4.657606E3
3.285360E0	-4.716025E3
3.302037E0	-4.760794E3
3.318714E0	-4.812323E3
3.335391E0	-4.859029E3
3.352068E0	-4.898052E3
3.368745E0	-4.939581E3
3.385422E0	-4.990159E3
3.402099E0	-5.034825E3
3.418776E0	-5.090017E3
3.435453E0	-5.134843E3
3.452130E0	-5.185208E3
3.468807E0	-5.224368E3
3.485484E0	-5.265525E3
3.502160E0	-5.310317E3
3.518837E0	-5.355663E3
3.535514E0	-5.402980E3
3.552191E0	-5.448297E3
3.568868E0	-5.495727E3
3.585545E0	-5.545341E3
3.602222E0	-5.583008E3
3.618899E0	-5.630660E3
3.635576E0	-5.663595E3
3.652253E0	-5.705538E3
3.668930E0	-5.750690E3
3.685607E0	-5.808313E3
3.702284E0	-5.849484E3
3.718961E0	-5.893717E3
3.735638E0	-5.935126E3
3.752315E0	-5.976524E3
3.768992E0	-6.010638E3
3.785669E0	-6.058514E3
3.802346E0	-6.103667E3
3.819023E0	-6.155978E3
3.835700E0	-6.194535E3
3.852377E0	-6.242738E3
3.869053E0	-6.280968E3
3.885730E0	-6.321870E3
3.902407E0	-6.358642E3
3.919084E0	-6.401038E3
3.935761E0	-6.438425E3
3.952438E0	-6.485755E3
3.969115E0	-6.528077E3
3.985792E0	-6.570439E3
4.002469E0	-6.621732E3
4.019146E0	-6.661484E3
4.035823E0	-6.700126E3
4.052500E0	-6.735324E3
4.069177E0	-6.777020E3
4.085854E0	-6.816978E3
4.102531E0	-6.867989E3
4.119208E0	-6.907059E3
4.135885E0	-6.949853E3
4.152562E0	-6.995233E3
4.169239E0	-7.028979E3
4.185916E0	-7.063913E3
4.202593E0	-7.106326E3
4.219270E0	-7.148865E3
4.235947E0	-7.178075E3
4.252623E0	-7.228742E3
4.269300E0	-7.265916E3
4.285977E0	-7.316104E3
4.302654E0	-7.356294E3
4.319331E0	-7.385864E3
4.336008E0	-7.427977E3
4.352685E0	-7.464653E3
4.369362E0	-7.500821E3
4.386039E0	-7.542136E3
4.402716E0	-7.588879E3
4.419393E0	-7.627166E3
4.436070E0	-7.665507E3
4.452747E0	-7.709614E3
4.469424E0	-7.739418E3
4.486101E0	-7.772097E3
4.502778E0	-7.809297E3
4.519455E0	-7.840720E3
4.536132E0	-7.882786E3
4.552809E0	-7.930694E3
4.569486E0	-7.969277E3
4.586163E0	-8.017270E3
4.602840E0	-8.051727E3
4.619516E0	-8.083142E3
4.636193E0	-8.123067E3
4.652870E0	-8.153704E3
4.669547E0	-8.192848E3
4.686224E0	-8.228953E3
4.702901E0	-8.254512E3
4.719578E0	-8.312792E3
4.736255E0	-8.348470E3
4.752932E0	-8.390984E3
4.769609E0	-8.421598E3
4.786286E0	-8.454988E3
4.802963E0	-8.491356E3
4.819640E0	-8.524480E3
4.836317E0	-8.552039E3
4.852994E0	-8.589364E3
4.869671E0	-8.631723E3
4.886348E0	-8.666156E3
4.903025E0	-8.702990E3
4.919702E0	-8.746431E3
4.936379E0	-8.782844E3
4.953056E0	-8.812259E3
4.969733E0	-8.846198E3
4.986409E0	-8.882439E3
5.003086E0	-8.913053E3
5.019763E0	-8.943526E3
5.036440E0	-8.983480E3
5.053117E0	-9.021322E3
5.069794E0	-9.056353E3
5.086471E0	-9.097745E3
5.103148E0	-9.141998E3
5.119825E0	-9.173235E3
5.136502E0	-9.205384E3
5.153179E0	-9.237419E3
5.169856E0	-9.271910E3
5.186533E0	-9.303781E3
5.203210E0	-9.333695E3
5.219887E0	-9.382443E3
5.236564E0	-9.413218E3
5.253241E0	-9.452962E3
5.269918E0	-9.488555E3
5.286595E0	-9.517688E3
5.303272E0	-9.555187E3
5.319949E0	-9.581205E3
5.336626E0	-9.613371E3
5.353302E0	-9.635721E3
5.369979E0	-9.670756E3
5.386656E0	-9.711896E3
5.403333E0	-9.751865E3
5.420010E0	-9.783515E3
5.436687E0	-9.817855E3
5.453364E0	-9.852424E3
5.470041E0	-9.884016E3
5.486718E0	-9.909867E3
5.503395E0	-9.943566E3
5.520072E0	-9.970879E3
5.536749E0	-1.000046E4
5.553426E0	-1.004081E4
5.570103E0	-1.006869E4
5.586780E0	-1.011058E4
5.603457E0	-1.014363E4
5.620134E0	-1.018028E4
5.636811E0	-1.021055E4
5.653488E0	-1.023594E4
5.670165E0	-1.026836E4
5.686842E0	-1.029620E4
5.703519E0	-1.032607E4
5.720195E0	-1.035581E4
5.736872E0	-1.038998E4
5.753549E0	-1.041023E4
5.770226E0	-1.045329E4
5.786903E0	-1.049111E4
5.803580E0	-1.052004E4
5.820257E0	-1.055129E4
5.836934E0	-1.058349E4
5.853611E0	-1.061193E4
5.870288E0	-1.063884E4
5.886965E0	-1.067092E4
5.903642E0	-1.069711E4
5.920319E0	-1.072303E4
5.936996E0	-1.074914E4
5.953673E0	-1.078445E4
5.970350E0	-1.080678E4
5.987027E0	-1.084055E4
6.003704E0	-1.087198E4
6.020381E0	-1.089878E4
6.037058E0	-1.094802E4
6.053735E0	-1.097720E4
6.070412E0	-1.100714E4
6.087088E0	-1.103444E4
6.103765E0	-1.105963E4
6.120442E0	-1.107342E4
6.137119E0	-1.109929E4
6.153796E0	-1.113663E4
6.170473E0	-1.116129E4
6.187150E0	-1.119607E4
6.203827E0	-1.122822E4
6.220504E0	-1.125624E4
6.237181E0	-1.128930E4
6.253858E0	-1.132799E4
6.270535E0	-1.135896E4
6.287212E0	-1.138617E4
6.303889E0	-1.141169E4
6.320566E0	-1.143298E4
6.337243E0	-1.146172E4
6.353920E0	-1.148076E4
6.370597E0	-1.150374E4
6.387274E0	-1.155034E4
6.403951E0	-1.158594E4
6.420628E0	-1.161519E4
6.437305E0	-1.164657E4
6.453981E0	-1.167661E4
6.470658E0	-1.170295E4
6.487335E0	-1.172978E4
6.504012E0	-1.174596E4
6.520689E0	-1.177166E4
6.537366E0	-1.179792E4
6.554043E0	-1.182370E4
6.570720E0	-1.184136E4
6.587397E0	-1.186750E4
6.604074E0	-1.191614E4
6.620751E0	-1.193592E4
6.637428E0	-1.197635E4
6.654105E0	-1.200465E4
6.670782E0	-1.203175E4
6.687459E0	-1.205807E4
6.704136E0	-1.208180E4
6.720813E0	-1.210807E4
6.737490E0	-1.213181E4
6.754167E0	-1.215161E4
6.770844E0	-1.217908E4
6.787521E0	-1.220509E4
6.804198E0	-1.222819E4
6.820874E0	-1.225286E4
6.837551E0	-1.228101E4
6.854228E0	-1.230723E4
6.870905E0	-1.233290E4
6.887582E0	-1.235626E4
6.904259E0	-1.240057E4
6.920936E0	-1.242706E4
6.937613E0	-1.245154E4
6.954290E0	-1.247553E4
6.970967E0	-1.249851E4
6.987644E0	-1.252115E4
7.004321E0	-1.254326E4
7.020998E0	-1.256046E4
7.037675E0	-1.257899E4
7.054352E0	-1.261795E4
7.071029E0	-1.264180E4
7.087706E0	-1.268387E4
7.104383E0	-1.271070E4
7.121060E0	-1.273781E4
7.137737E0	-1.276347E4
7.154414E0	-1.278831E4
7.171091E0	-1.281090E4
7.187767E0	-1.283394E4
7.204444E0	-1.285463E4
7.221121E0	-1.286560E4
7.237798E0	-1.289172E4
7.254475E0	-1.291162E4
7.271152E0	-1.294625E4
7.287829E0	-1.296736E4
7.304506E0	-1.299381E4
7.321183E0	-1.302151E4
7.337860E0	-1.304705E4
7.354537E0	-1.307407E4
7.371214E0	-1.308838E4
7.387891E0	-1.311874E4
7.404568E0	-1.313817E4
7.421245E0	-1.316101E4
7.437922E0	-1.318370E4
7.454599E0	-1.320644E4
7.471276E0	-1.322972E4
7.487953E0	-1.325617E4
7.504630E0	-1.327392E4
7.521307E0	-1.329539E4
7.537984E0	-1.332475E4
7.554660E0	-1.335301E4
7.571337E0	-1.337936E4
7.588014E0	-1.340852E4
7.604691E0	-1.343388E4
7.621368E0	-1.345767E4
7.638045E0	-1.347986E4
7.654722E0	-1.350353E4
7.671399E0	-1.352621E4
7.688076E0	-1.354769E4
7.704753E0	-1.356920E4
7.721430E0	-1.358700E4
7.738107E0	-1.360355E4
7.754784E0	-1.362577E4
7.771461E0	-1.363979E4
7.788138E0	-1.366690E4
7.804815E0	-1.369634E4
7.821492E0	-1.372116E4
7.838169E0	-1.374422E4
7.854846E0	-1.377024E4
7.871523E0	-1.379172E4
7.888200E0	-1.381217E4
7.904877E0	-1.383491E4
7.921553E0	-1.385618E4
7.938230E0	-1.387660E4
7.954907E0	-1.389813E4
7.971584E0	-1.391773E4
7.988261E0	-1.393909E4
8.004938E0	-1.396372E4
8.021615E0	-1.398461E4
8.038292E0	-1.399903E4
8.054969E0	-1.402345E4
8.071646E0	-1.404733E4
8.088323E0	-1.407060E4
8.105000E0	-1.409396E4
8.121677E0	-1.411648E4
8.138354E0	-1.413451E4
8.155031E0	-1.415547E4
8.171708E0	-1.417414E4
8.188385E0	-1.419187E4
8.205062E0	-1.421092E4
8.221739E0	-1.423098E4
8.238416E0	-1.425184E4
8.255093E0	-1.427113E4
8.271770E0	-1.428949E4
8.288447E0	-1.432189E4
8.305123E0	-1.434145E4
8.321800E0	-1.435751E4
8.338477E0	-1.438308E4
8.355154E0	-1.440596E4
8.371831E0	-1.442910E4
8.388508E0	-1.445338E4
8.405185E0	-1.447522E4
8.421862E0	-1.450228E4
8.438539E0	-1.452410E4
8.455216E0	-1.454396E4
8.471893E0	-1.456334E4
8.488570E0	-1.458290E4
8.505247E0	-1.460232E4
8.521924E0	-1.462147E4
8.538601E0	-1.463986E4
8.555278E0	-1.465867E4
8.571955E0	-1.467458E4
8.588632E0	-1.469373E4
8.605309E0	-1.471163E4
8.621986E0	-1.472948E4
8.638663E0	-1.474818E4
8.655340E0	-1.477680E4
8.672016E0	-1.480548E4
8.688693E0	-1.482347E4
8.705370E0	-1.484279E4
8.722047E0	-1.486575E4
8.738724E0	-1.488724E4
8.755401E0	-1.490720E4
8.772078E0	-1.492705E4
8.788755E0	-1.494505E4
8.805432E0	-1.496262E4
8.822109E0	-1.498123E4
8.838786E0	-1.499886E4
8.855463E0	-1.501583E4
8.872140E0	-1.502532E4
8.888817E0	-1.504364E4
8.905494E0	-1.506123E4
8.922171E0	-1.507743E4
8.938848E0	-1.509479E4
8.955525E0	-1.510875E4
8.972202E0	-1.513376E4
8.988879E0	-1.515308E4
9.005556E0	-1.516839E4
9.022233E0	-1.518927E4
9.038909E0	-1.520660E4
9.055586E0	-1.522433E4
9.072263E0	-1.524150E4
9.088940E0	-1.525878E4
9.105617E0	-1.527581E4
9.122294E0	-1.529326E4
9.138971E0	-1.531125E4
9.155648E0	-1.532786E4
9.172325E0	-1.534444E4
9.189002E0	-1.536041E4
9.205679E0	-1.537733E4
9.222356E0	-1.539973E4
9.239033E0	-1.541915E4
9.255710E0	-1.543647E4
9.272387E0	-1.545651E4
9.289064E0	-1.547719E4
9.305741E0	-1.549639E4
9.322418E0	-1.551679E4
9.339095E0	-1.554157E4
9.355772E0	-1.556165E4
9.372449E0	-1.558052E4
9.389126E0	-1.559919E4
9.405802E0	-1.561416E4
9.422479E0	-1.563121E4
9.439156E0	-1.564668E4
9.455833E0	-1.566358E4
9.472510E0	-1.567851E4
9.489187E0	-1.569574E4
9.505864E0	-1.571093E4
9.522541E0	-1.572652E4
9.539218E0	-1.574987E4
9.555895E0	-1.576445E4
9.572572E0	-1.578093E4
9.589249E0	-1.579452E4
9.605926E0	-1.581076E4
9.622603E0	-1.582739E4
9.639280E0	-1.584166E4
9.655957E0	-1.585707E4
9.672634E0	-1.587591E4
9.689311E0	-1.589405E4
9.705988E0	-1.591068E4
9.722665E0	-1.593246E4
9.739342E0	-1.595006E4
9.756019E0	-1.596650E4
9.772695E0	-1.598152E4
9.789372E0	-1.599860E4
9.806049E0	-1.601336E4
9.822726E0	-1.602748E4
9.839403E0	-1.604236E4
9.856080E0	-1.605664E4
9.872757E0	-1.607199E4
9.889434E0	-1.608853E4
9.906111E0	-1.610218E4
9.922788E0	-1.610165E4
9.939465E0	-1.613928E4
9.956142E0	-1.615355E4
9.972819E0	-1.616790E4
9.989496E0	-1.618383E4
1.000617E1	-1.619295E4
1.002285E1	-1.621013E4
1.003953E1	-1.622750E4
1.005620E1	-1.624584E4
1.007288E1	-1.626441E4
1.008956E1	-1.628145E4
1.010623E1	-1.629742E4
1.012291E1	-1.631408E4
1.013959E1	-1.632857E4
1.015627E1	-1.634392E4
1.017294E1	-1.635761E4
1.018962E1	-1.637264E4
1.020630E1	-1.638749E4
1.022297E1	-1.640101E4
1.023965E1	-1.641571E4
1.025633E1	-1.642934E4
1.027300E1	-1.644305E4
1.028968E1	-1.645673E4
1.030636E1	-1.647144E4
1.032303E1	-1.649245E4
1.033971E1	-1.650628E4
1.035639E1	-1.651939E4
1.037307E1	-1.653274E4
1.038974E1	-1.654705E4
1.040642E1	-1.655820E4
1.042310E1	-1.657047E4
1.043977E1	-1.658749E4
1.045645E1	-1.660578E4
1.047313E1	-1.661711E4
1.048980E1	-1.663618E4
1.050648E1	-1.665317E4
1.052316E1	-1.666856E4
1.053984E1	-1.668330E4
1.055651E1	-1.669646E4
1.057319E1	-1.671017E4
1.058987E1	-1.672354E4
1.060654E1	-1.673670E4
1.062322E1	-1.675066E4
1.063990E1	-1.676403E4
1.065657E1	-1.677587E4
1.067325E1	-1.678944E4
1.068993E1	-1.680267E4
1.070660E1	-1.681706E4
1.072328E1	-1.683552E4
1.073996E1	-1.684983E4
1.075664E1	-1.686255E4
1.077331E1	-1.687388E4
1.078999E1	-1.688635E4
1.080667E1	-1.690020E4
1.082334E1	-1.691180E4
1.084002E1	-1.692254E4
1.085670E1	-1.693264E4
1.087337E1	-1.695019E4
1.089005E1	-1.696505E4
1.090673E1	-1.697626E4
1.092341E1	-1.699177E4
1.094008E1	-1.701079E4
1.095676E1	-1.702458E4
1.097344E1	-1.703776E4
1.099011E1	-1.704982E4
1.100679E1	-1.706324E4
1.102347E1	-1.707698E4
1.104014E1	-1.709000E4
1.105682E1	-1.710228E4
1.107350E1	-1.711417E4
1.109017E1	-1.712602E4
1.110685E1	-1.713796E4
1.112353E1	-1.714914E4
1.114021E1	-1.716069E4
1.115688E1	-1.717297E4
1.117356E1	-1.718445E4
1.119024E1	-1.719525E4
1.120691E1	-1.720493E4
1.122359E1	-1.721746E4
1.124027E1	-1.722661E4
1.125694E1	-1.723915E4
1.127362E1	-1.725204E4
1.129030E1	-1.726409E4
1.130698E1	-1.727615E4
1.132365E1	-1.728909E4
1.134033E1	-1.730842E4
1.135701E1	-1.732356E4
1.137368E1	-1.733161E4
1.139036E1	-1.734528E4
1.140704E1	-1.735871E4
1.142371E1	-1.737076E4
1.144039E1	-1.738402E4
1.145707E1	-1.739537E4
1.147374E1	-1.740440E4
1.149042E1	-1.741401E4
1.150710E1	-1.742392E4
1.152378E1	-1.743497E4
1.154045E1	-1.744587E4
1.155713E1	-1.745793E4
1.157381E1	-1.746837E4
1.159048E1	-1.747939E4
1.160716E1	-1.749243E4
1.162384E1	-1.750320E4
1.164051E1	-1.751398E4
1.165719E1	-1.752464E4
1.167387E1	-1.753553E4
1.169055E1	-1.754321E4
1.170722E1	-1.757428E4
1.172390E1	-1.758492E4
1.174058E1	-1.759400E4
1.175725E1	-1.760354E4
1.177393E1	-1.761517E4
1.179061E1	-1.762680E4
1.180728E1	-1.763771E4
1.182396E1	-1.764860E4
1.184064E1	-1.765932E4
1.185731E1	-1.767250E4
1.187399E1	-1.768502E4
1.189067E1	-1.769042E4
1.190735E1	-1.770548E4
1.192402E1	-1.771792E4
1.194070E1	-1.773032E4
1.195738E1	-1.774073E4
1.197405E1	-1.774977E4
1.199073E1	-1.776061E4
1.200741E1	-1.776683E4
1.202408E1	-1.777534E4
1.204076E1	-1.778516E4
1.205744E1	-1.779441E4
1.207412E1	-1.780433E4
1.209079E1	-1.781453E4
1.210747E1	-1.782458E4
1.212415E1	-1.783432E4
1.214082E1	-1.784461E4
1.215750E1	-1.785520E4
1.217418E1	-1.786537E4
1.219085E1	-1.787462E4
1.220753E1	-1.788458E4
1.222421E1	-1.789499E4
1.224088E1	-1.790441E4
1.225756E1	-1.791783E4
1.227424E1	-1.793022E4
1.229092E1	-1.794243E4
1.230759E1	-1.795204E4
1.232427E1	-1.795941E4
1.234095E1	-1.797542E4
1.235762E1	-1.798630E4
1.237430E1	-1.799688E4
1.239098E1	-1.800724E4
1.240765E1	-1.801665E4
1.242433E1	-1.802807E4
1.244101E1	-1.803975E4
1.245769E1	-1.805083E4
1.247436E1	-1.806082E4
1.249104E1	-1.807152E4
1.250772E1	-1.807823E4
1.252439E1	-1.808824E4
1.254107E1	-1.809924E4
1.255775E1	-1.810728E4
1.257442E1	-1.811727E4
1.259110E1	-1.812522E4
1.260778E1	-1.813348E4
1.262445E1	-1.813805E4
1.264113E1	-1.814605E4
1.265781E1	-1.815419E4
1.267449E1	-1.816279E4
1.269116E1	-1.817157E4
1.270784E1	-1.818037E4
1.272452E1	-1.818908E4
1.274119E1	-1.819781E4
1.275787E1	-1.820686E4
1.277455E1	-1.821581E4
1.279122E1	-1.822455E4
1.280790E1	-1.823353E4
1.282458E1	-1.824246E4
1.284126E1	-1.825101E4
1.285793E1	-1.825898E4
1.287461E1	-1.826411E4
1.289129E1	-1.827207E4
1.290796E1	-1.828246E4
1.292464E1	-1.829208E4
1.294132E1	-1.830126E4
1.295799E1	-1.830985E4
1.297467E1	-1.831896E4
1.299135E1	-1.832627E4
1.300802E1	-1.833592E4
1.302470E1	-1.834532E4
1.304138E1	-1.835484E4
1.305806E1	-1.836707E4
1.307473E1	-1.837615E4
1.309141E1	-1.838527E4
1.310809E1	-1.839490E4
1.312476E1	-1.840348E4
1.314144E1	-1.841276E4
1.315812E1	-1.842295E4
1.317479E1	-1.843290E4
1.319147E1	-1.844093E4
1.320815E1	-1.845015E4
1.322483E1	-1.845878E4
1.324150E1	-1.846710E4
1.325818E1	-1.847390E4
1.327486E1	-1.848173E4
1.329153E1	-1.848923E4
1.330821E1	-1.849590E4
1.332489E1	-1.850339E4
1.334156E1	-1.851070E4
1.335824E1	-1.851779E4
1.337492E1	-1.852518E4
1.339159E1	-1.853276E4
1.340827E1	-1.854027E4
1.342495E1	-1.854763E4
1.344163E1	-1.855473E4
1.345830E1	-1.856233E4
1.347498E1	-1.856983E4
1.349166E1	-1.857736E4
1.350833E1	-1.858506E4
1.352501E1	-1.859276E4
1.354169E1	-1.860026E4
1.355836E1	-1.860727E4
1.357504E1	-1.861469E4
1.359172E1	-1.862158E4
1.360840E1	-1.862534E4
1.362507E1	-1.863173E4
1.364175E1	-1.864204E4
1.365843E1	-1.864934E4
1.367510E1	-1.865677E4
1.369178E1	-1.866409E4
1.370846E1	-1.867122E4
1.372513E1	-1.867817E4
1.374181E1	-1.868326E4
1.375849E1	-1.869091E4
1.377516E1	-1.869782E4
1.379184E1	-1.870628E4
1.380852E1	-1.871390E4
1.382520E1	-1.872292E4
1.384187E1	-1.873170E4
1.385855E1	-1.874054E4
1.387523E1	-1.874863E4
1.389190E1	-1.875774E4
1.390858E1	-1.876399E4
1.392526E1	-1.877173E4
1.394193E1	-1.878017E4
1.395861E1	-1.878834E4
1.397529E1	-1.879526E4
1.399197E1	-1.880241E4
1.400864E1	-1.880937E4
1.402532E1	-1.881701E4
1.404200E1	-1.882379E4
1.405867E1	-1.883061E4
1.407535E1	-1.883676E4
1.409203E1	-1.884259E4
1.410870E1	-1.884899E4
1.412538E1	-1.885473E4
1.414206E1	-1.886087E4
1.415873E1	-1.886601E4
1.417541E1	-1.887234E4
1.419209E1	-1.887808E4
1.420877E1	-1.888485E4
1.422544E1	-1.889058E4
1.424212E1	-1.889668E4
1.425880E1	-1.890341E4
1.427547E1	-1.890906E4
1.429215E1	-1.891454E4
1.430883E1	-1.892081E4
1.432550E1	-1.892703E4
1.434218E1	-1.893280E4
1.435886E1	-1.893853E4
1.437553E1	-1.894444E4
1.439221E1	-1.895001E4
1.440889E1	-1.895597E4
1.442557E1	-1.896129E4
1.444224E1	-1.896701E4
1.445892E1	-1.897305E4
1.447560E1	-1.897841E4
1.449227E1	-1.898354E4
1.450895E1	-1.898694E4
1.452563E1	-1.899296E4
1.454230E1	-1.899945E4
1.455898E1	-1.900463E4
1.457566E1	-1.901087E4
1.459234E1	-1.901632E4
1.460901E1	-1.902250E4
1.462569E1	-1.902800E4
1.464237E1	-1.903351E4
1.465904E1	-1.903909E4
1.467572E1	-1.904479E4
1.469240E1	-1.905185E4
1.470907E1	-1.905770E4
1.472575E1	-1.906397E4
1.474243E1	-1.907046E4
1.475910E1	-1.907700E4
1.477578E1	-1.908325E4
1.479246E1	-1.908915E4
1.480914E1	-1.909409E4
1.482581E1	-1.910084E4
1.484249E1	-1.911022E4
1.485917E1	-1.911313E4
1.487584E1	-1.911786E4
1.489252E1	-1.912310E4
1.490920E1	-1.912807E4
1.492587E1	-1.913314E4
1.494255E1	-1.913934E4
1.495923E1	-1.914515E4
1.497591E1	-1.915026E4
1.499258E1	-1.915667E4
1.500926E1	-1.916282E4
1.502594E1	-1.916774E4
1.504261E1	-1.917314E4
1.505929E1	-1.917836E4
1.507597E1	-1.918372E4
1.509264E1	-1.918914E4
1.510932E1	-1.919510E4
1.512600E1	-1.920080E4
1.514267E1	-1.920457E4
1.515935E1	-1.921023E4
1.517603E1	-1.921472E4
1.519271E1	-1.921991E4
1.520938E1	-1.922449E4
1.522606E1	-1.922880E4
1.524274E1	-1.923341E4
1.525941E1	-1.923832E4
1.527609E1	-1.924279E4
1.529277E1	-1.924754E4
1.530944E1	-1.925159E4
1.532612E1	-1.925616E4
1.534280E1	-1.926042E4
1.535948E1	-1.926456E4
1.537615E1	-1.926836E4
1.539283E1	-1.927303E4
1.540951E1	-1.927707E4
1.542618E1	-1.928102E4
1.544286E1	-1.928504E4
1.545954E1	-1.928895E4
1.547621E1	-1.929288E4
1.549289E1	-1.929691E4
1.550957E1	-1.930056E4
1.552624E1	-1.930441E4
1.554292E1	-1.930850E4
1.555960E1	-1.931246E4
1.557628E1	-1.931693E4
1.559295E1	-1.932049E4
1.560963E1	-1.932464E4
1.562631E1	-1.932782E4
1.564298E1	-1.933140E4
1.565966E1	-1.933502E4
1.567634E1	-1.933912E4
1.569301E1	-1.934283E4
1.570969E1	-1.934629E4
1.572637E1	-1.935033E4
1.574305E1	-1.935426E4
1.575972E1	-1.935806E4
1.577640E1	-1.936164E4
1.579308E1	-1.936452E4
1.580975E1	-1.936889E4
1.582643E1	-1.937300E4
1.584311E1	-1.937684E4
1.585978E1	-1.938100E4
1.587646E1	-1.938436E4
1.589314E1	-1.938822E4
1.590981E1	-1.939194E4
1.592649E1	-1.939535E4
1.594317E1	-1.939836E4
1.595985E1	-1.940147E4
1.597652E1	-1.940941E4
1.599320E1	-1.941314E4
1.600988E1	-1.941672E4
1.602655E1	-1.942026E4
1.604323E1	-1.942399E4
1.605991E1	-1.942798E4
1.607658E1	-1.943114E4
1.609326E1	-1.943436E4
1.610994E1	-1.943761E4
1.612662E1	-1.944160E4
1.614329E1	-1.944523E4
1.615997E1	-1.944873E4
1.617665E1	-1.945287E4
1.619332E1	-1.945730E4
1.621000E1	-1.946173E4
1.622668E1	-1.946556E4
1.624335E1	-1.946975E4
1.626003E1	-1.947372E4
1.627671E1	-1.947773E4
1.629338E1	-1.948177E4
1.631006E1	-1.948565E4
1.632674E1	-1.948959E4
1.634342E1	-1.949368E4
1.636009E1	-1.949744E4
1.637677E1	-1.950121E4
1.639345E1	-1.950482E4
1.641012E1	-1.950860E4
1.642680E1	-1.951210E4
1.644348E1	-1.951571E4
1.646015E1	-1.951898E4
1.647683E1	-1.952231E4
1.649351E1	-1.952533E4
1.651019E1	-1.952856E4
1.652686E1	-1.953158E4
1.654354E1	-1.953474E4
1.656022E1	-1.953770E4
1.657689E1	-1.954037E4
1.659357E1	-1.954271E4
1.661025E1	-1.954179E4
1.662692E1	-1.954413E4
1.664360E1	-1.954670E4
1.666028E1	-1.954975E4
1.667695E1	-1.955241E4
1.669363E1	-1.955486E4
1.671031E1	-1.955752E4
1.672699E1	-1.956000E4
1.674366E1	-1.956254E4
1.676034E1	-1.956482E4
1.677702E1	-1.956681E4
1.679369E1	-1.956927E4
1.681037E1	-1.957188E4
1.682705E1	-1.957437E4
1.684372E1	-1.957719E4
1.686040E1	-1.957975E4
1.687708E1	-1.958219E4
1.689376E1	-1.958450E4
1.691043E1	-1.958660E4
1.692711E1	-1.958886E4
1.694379E1	-1.959127E4
1.696046E1	-1.959311E4
1.697714E1	-1.959483E4
1.699382E1	-1.959711E4
1.701049E1	-1.959964E4
1.702717E1	-1.960172E4
1.704385E1	-1.960372E4
1.706052E1	-1.960531E4
1.707720E1	-1.960716E4
1.709388E1	-1.960913E4
1.711056E1	-1.961067E4
1.712723E1	-1.961264E4
1.714391E1	-1.961457E4
1.716059E1	-1.961625E4
1.717726E1	-1.961748E4
1.719394E1	-1.961953E4
1.721062E1	-1.962057E4
1.722729E1	-1.962258E4
1.724397E1	-1.962403E4
1.726065E1	-1.962563E4
1.727733E1	-1.962719E4
1.729400E1	-1.962898E4
1.731068E1	-1.963027E4
1.732736E1	-1.963171E4
1.734403E1	-1.963316E4
1.736071E1	-1.963483E4
1.737739E1	-1.963618E4
1.739406E1	-1.963749E4
1.741074E1	-1.963891E4
1.742742E1	-1.963982E4
1.744409E1	-1.964100E4
1.746077E1	-1.964232E4
1.747745E1	-1.964323E4
1.749413E1	-1.964445E4
1.751080E1	-1.964558E4
1.752748E1	-1.964660E4
1.754416E1	-1.964781E4
1.756083E1	-1.964903E4
1.757751E1	-1.965013E4
1.759419E1	-1.965133E4
1.761086E1	-1.965249E4
1.762754E1	-1.965362E4
1.764422E1	-1.965456E4
1.766090E1	-1.965549E4
1.767757E1	-1.965606E4
1.769425E1	-1.965665E4
1.771093E1	-1.965761E4
1.772760E1	-1.965838E4
1.774428E1	-1.965917E4
1.776096E1	-1.965987E4
1.777763E1	-1.966054E4
1.779431E1	-1.966105E4
1.781099E1	-1.966152E4
1.782766E1	-1.966221E4
1.784434E1	-1.966271E4
1.786102E1	-1.966322E4
1.787770E1	-1.966346E4
1.789437E1	-1.966374E4
1.791105E1	-1.966427E4
1.792773E1	-1.966438E4
1.794440E1	-1.966453E4
1.796108E1	-1.966464E4
1.797776E1	-1.966492E4
1.799443E1	-1.966527E4
1.801111E1	-1.966557E4
1.802779E1	-1.966573E4
1.804447E1	-1.966582E4
1.806114E1	-1.966570E4
1.807782E1	-1.966580E4
1.809450E1	-1.966569E4
1.811117E1	-1.966572E4
1.812785E1	-1.966585E4
1.814453E1	-1.966575E4
1.816120E1	-1.966570E4
1.817788E1	-1.966580E4
1.819456E1	-1.966568E4
1.821123E1	-1.966583E4
1.822791E1	-1.966591E4
1.824459E1	-1.966607E4
1.826127E1	-1.966622E4
1.827794E1	-1.966643E4
1.829462E1	-1.966643E4
1.831130E1	-1.966642E4
1.832797E1	-1.966655E4
1.834465E1	-1.966645E4
1.836133E1	-1.966642E4
1.837800E1	-1.966653E4
1.839468E1	-1.966649E4
1.841136E1	-1.966669E4
1.842803E1	-1.966643E4
1.844471E1	-1.966649E4
1.846139E1	-1.966659E4
1.847807E1	-1.966667E4
1.849474E1	-1.966692E4
1.851142E1	-1.966719E4
1.852810E1	-1.966755E4
1.854477E1	-1.966753E4
1.856145E1	-1.966729E4
1.857813E1	-1.966775E4
1.859480E1	-1.966735E4
1.861148E1	-1.966765E4
1.862816E1	-1.966723E4
1.864484E1	-1.966749E4
1.866151E1	-1.966732E4
1.867819E1	-1.966753E4
1.869487E1	-1.966752E4
1.871154E1	-1.966741E4
1.872822E1	-1.966731E4
1.874490E1	-1.966721E4
1.876157E1	-1.966737E4
1.877825E1	-1.966703E4
1.879493E1	-1.966687E4
1.881160E1	-1.966681E4
1.882828E1	-1.966699E4
1.884496E1	-1.966693E4
1.886164E1	-1.966709E4
1.887831E1	-1.966719E4
1.889499E1	-1.966737E4
1.891167E1	-1.966750E4
